ultralytics.engine.results.Keypoints object with attributes:

conf: tensor([[0.9895, 0.9649, 0.9630, 0.6392, 0.6657, 0.9940, 0.9833, 0.9763, 0.9329, 0.9567, 0.9214, 0.9988, 0.9982, 0.9975, 0.9966, 0.9666, 0.9604]])
data: tensor([[[193.7378,  82.3072,   0.9895],
         [205.3701,  67.9694,   0.9649],
         [178.2302,  69.9879,   0.9630],
         [221.6390,  75.4147,   0.6392],
         [155.6070,  79.5133,   0.6657],
         [252.3803, 151.2495,   0.9940],
         [131.7540, 152.2730,   0.9833],
         [266.7101, 253.7138,   0.9763],
         [134.1684, 247.3211,   0.9329],
         [206.9624, 255.7786,   0.9567],
         [194.1694, 241.2350,   0.9214],
         [235.3248, 354.1544,   0.9988],
         [149.4161, 355.0364,   0.9982],
         [246.2535, 499.6476,   0.9975],
         [139.6596, 502.5979,   0.9966],
         [251.0935, 628.1849,   0.9666],
         [144.2586, 629.1428,   0.9604]]])
has_visible: True
orig_shape: (702, 387)
shape: torch.Size([1, 17, 3])
xy: tensor([[[193.7378,  82.3072],
         [205.3701,  67.9694],
         [178.2302,  69.9879],
         [221.6390,  75.4147],
         [155.6070,  79.5133],
         [252.3803, 151.2495],
         [131.7540, 152.2730],
         [266.7101, 253.7138],
         [134.1684, 247.3211],
         [206.9624, 255.7786],
         [194.1694, 241.2350],
         [235.3248, 354.1544],
         [149.4161, 355.0364],
         [246.2535, 499.6476],
         [139.6596, 502.5979],
         [251.0935, 628.1849],
         [144.2586, 629.1428]]])
xyn: tensor([[[0.5006, 0.1172],
         [0.5307, 0.0968],
         [0.4605, 0.0997],
         [0.5727, 0.1074],
         [0.4021, 0.1133],
         [0.6521, 0.2155],
         [0.3404, 0.2169],
         [0.6892, 0.3614],
         [0.3467, 0.3523],
         [0.5348, 0.3644],
         [0.5017, 0.3436],
         [0.6081, 0.5045],
         [0.3861, 0.5057],
         [0.6363, 0.7117],
         [0.3609, 0.7160],
         [0.6488, 0.8949],
         [0.3728, 0.8962]]])